  1000.22m    2.000000  0.00000E+00   04/23/2017
 
 
 
 
 
      19     1000        0        0        2        2        2        0
       0        1        0        1        0        0        0        0
       1        5        7        9       11       13        0        0
       0        0        0        0       15        0        0        0
       0        0        0        0        0        0        0        0
       0        0        0        0        0        0        0        0
 1.500000000000E+00  5.000000000000E-01  1.000000000000E+00  1.000000000000E+00
 3.459999859333E-01  1.490000009537E+00  3.622950753197E-03  9.236452728510E-02
 2.440000057220E+00  2.436000108719E+00  9.499999880791E-01  5.000000074506E-02
 1.088800001889E-02  1.369999945164E-01                  16  3.120000064373E-01
 2.309999987483E-02  0.000000000000E+00  1.360000014305E+00
  2000.22m    4.000000  0.00000E+00   04/23/2017
 
 
 
 
 
      13     2000        0        0        2        2        2        0
       0        1        0        1        0        0        0        0
       1        5        0        0        0        7        0        0
       0        0        0        0        9        0        0        0
       0        0        0        0        0        0        0        0
       0        0        0        0        0        0        0        0
 1.500000000000E+00  5.000000000000E-01  1.000000000000E+00  1.000000000000E+00
 3.540000021458E-01  2.059999942780E+00  8.350000134669E-04  2.850000001490E-02
                 10  3.140000104904E-01  3.830000013113E-02  0.000000000000E+00
 2.029999971390E+00
  3000.22m    6.000000  0.00000E+00   04/23/2017
 
 
 
 
 
      13     3000        0        0        2        2        2        0
       0        1        0        1        0        0        0        0
       1        5        0        0        0        7        0        0
       0        0        0        0        9        0        0        0
       0        0        0        0        0        0        0        0
       0        0        0        0        0        0        0        0
 1.500000000000E+00  5.000000000000E-01  1.000000000000E+00  1.000000000000E+00
 3.492000102997E-01  1.000000000000E+00  1.999999949476E-04  8.000000119209E-01
                 10  3.100000023842E-01  3.900000080466E-02  0.000000000000E+00
 2.000000029802E-01
